1 0.0 0.0 0 0.0 0.0 1.0 0.0
2 -0.1339745962155613 0.49999999999999994 0 0.0 0.004569245397197684 0.9999895609437631 0.0
3 -0.4999999999999999 0.8660254037844386 0 0.0 0.009138395397176044 0.9999582439930004 0.0
4 -0.9999999999999999 1.0 0 0.0 0.013707354604707477 0.9999060498015505 0.0
5 -1.4999999999999998 0.8660254037844387 0 0.0 0.01827602762854775 0.9998329794591297 0.0
6 -1.8660254037844388 0.49999999999999994 0 0.0 0.022844319083427628 0.999739034491309 0.0
7 -2.0 1.2246467991473532e-16 0 0.0 0.027412133592044294 0.9996242168594817 0.0
8 -1.8660254037844386 -0.5000000000000001 0 0.0 0.03197937578705268 0.9994885289608233 0.0
9 -1.5000000000000004 -0.8660254037844384 0 0.0 0.03654595031305654 0.9993319736282411 0.0
10 -1.0000000000000002 -1.0 0 0.0 0.04111176182859931 0.999154554130315 0.0
11 -0.4999999999999999 -0.8660254037844386 0 0.0 0.045676715008154636 0.9989562741712291 0.0
12 -0.13397459621556163 -0.5000000000000004 0 0.0 0.050240714544116584 0.9987371378906947 0.0