1 0.0 0.0 0 0.0 0.0 1.0 0.0
2 -0.146303 0.52145 0 0.0 0.004041918469255405 0.999991831414181 0.0
3 -0.483216 0.881682 0 0.0 0.00889233534320492 0.9999604624044612 0.0
4 -0.956247 0.992529 0 0.0 0.012898323635125171 0.9999168131636769 0.0
5 -1.5145 0.919746 0 0.0 0.017215426335515375 0.9998518035669518 0.0
6 -1.96216 0.599956 0 0.0 0.022314189408804294 0.9997510074768757 0.0
7 -2.14286 0.136549 0 0.0 0.027335780903250898 0.999626307718244 0.0
8 -2.00857 -0.330487 0 0.0 -0.023076091116260862 0.999733711554629 0.0
9 -1.63789 -0.746245 0 0.0 -0.018116137418647902 0.9998358893163561 0.0
10 -1.11791 -0.885967 0 0.0 -0.01377195774308758 0.999905162092847 0.0
11 -0.632563 -0.731991 0 0.0 -0.009720283661140411 0.9999527569268195 0.0
12 -0.237955 -0.40841 0 0.0 -0.005670369819709172 0.9999839233238241 0.0