1 6.89658e-17 -1.96267e-16 0 0.0 2.603664724832621e-18 1.0 0.0
2 -0.142843 0.510642 0 0.0 0.004242428899873554 0.9999910008580225 0.0
3 -0.484483 0.85223 0 0.0 0.009271492483300897 0.9999570187898739 0.0
4 -0.958422 0.931622 0 0.0 0.013413762011786075 0.9999100314471754 0.0
5 -1.50794 0.815206 0 0.0 0.017811713862846256 0.9998413588411253 0.0
6 -1.92926 0.454785 0 0.0 0.022940776664024904 0.9997368257526834 0.0
7 -2.07279 -0.0312017 0 0.0 0.02796438259300102 0.9996089201813839 0.0
8 -1.90176 -0.498165 0 0.0 -0.022443224184030185 0.9997481191221244 0.0
9 -1.49846 -0.896772 0 0.0 -0.01745310446265122 0.9998476829720694 0.0
10 -0.965912 -1.00742 0 0.0 -0.013031830100622994 0.9999150820965891 0.0
11 -0.491896 -0.82369 0 0.0 -0.008852805191697935 0.9999608131523144 0.0
12 -0.12789 -0.473351 0 0.0 -0.004630673568577315 0.999989278373674 0.0